-0.28158587086436215
0.570933095808067
-1.6920196326157044
0.1996229111693099
1.9195199291234621
0.8954838794918353
0.41457072128813166
-0.48700161491544713
-0.1684059662402393
0.37056410998929545
1.0156889027029008
-0.5174422210625114
-0.5565834214413804
0.778320596648391
-1.8970718197702225
0.5229525761688676
-1.5515595563231523
0.0182029289376123
-0.6820951356608795
-0.5987943422687668
0.6640719330662731
1.0295025418507304
-1.7836513983468973
1.3277464437487367
0.17846927035627574
-1.1178100560963669
1.232289551115084
0.6306709974413774
-0.672406119805884
1.6494864961410505
0.4025934209826845
1.0476389962989154
0.1290679625678876
-1.4540386824194433
0.8023268532167671
0.837535527029921
-1.25041766289741
1.4170688868155703
-2.649405037366184
0.07639720090171975
-1.0381434775715777
0.32745394247407145
-0.5894381281324161
-1.4596888114688906
-0.4498652777475227
0.12994063711523224
-0.33618366021859636
-0.2077912549159372
2.9055002528194547
-0.5915398219030246
0.16446197696981524
-0.7362674881462771
0.7846683577181048
-0.14107243555473659
0.10710126478276671
-0.25515469440058625
-1.1170186210670674
-0.3767493994016391
0.1268754414342647
-0.8126794730327463
-1.248748842737439
-2.584674389203629
1.3861313141745906
0.5822824434629537
-1.3241831492454383
-0.531339991403758
1.5561368940898639
0.641231990581225
1.871030363936661
-0.29416655338885533
1.9857479188833231
0.33171090164260675
-0.5785250198226652
1.4944762885680987
0.7358670130059373
0.9460119752586545
-0.13963959511937934
1.1376784280938006
-0.4855357071842359
-0.35185723768435817
-2.117171234184322
-0.19079892896736864
1.548900195040404
-0.31504468449397816
-0.2963438877947242
-0.5086690508431602
0.01953270049412037
-0.3026957309899285
0.28438231526102253
-0.5034669109084294
1.127521533069942
0.4763675677811823
1.889793480084645
0.49067137383085946
-1.2779568096824128
-0.06964397630221053
1.2302769427995401
0.5473910252614227
0.8315579651023031
0.2035278803526096
0.49558441536964515
-1.3538056483293577
-1.15258868098929
-1.0696479316835887
-0.20303985797202273
-0.6980154709026873
2.2527597600237232
-1.1187746363806417
0.07182084765811347
-0.48786837891359625
-1.2036754018776112
-0.1323058302058036
0.5950494253772467
0.03461807119975979
-0.7129010106839508
0.990584678523913
0.21884312651934656
-0.6703696468821153
0.6439610249037209
-0.2060770260922877
0.8539528551417479
-0.2278678919234045
-0.5895495165611981
1.3369976654319393
-1.3860170291177791
0.16861440733110755
1.3216118662217569
0.6829218142085993
-0.48842884873358416
-1.7015212119783847
0.8162953971901421
0.6934727109108414
0.253190811168707
1.0749423971775363
-0.1438759174803904
-0.9084843721461462
-0.9530813137407355
0.606013759199403
-1.2085499972025109
-0.0676874431972796
-1.2359565909904118
1.9002105019912379
0.5675567284744372
-0.0039898099686832555
0.011244189598626664
0.6932214127545244
0.2189250565079569
-3.2909496980408015
-0.0739119912893571
0.7596131918086964
-0.32511803446293963
0.19248326333836469
-0.18129589643782373
-1.4752855306909223
-0.33563334634912856
0.022320546151017417
1.436638992053886
-0.3836678961342146
0.30838244504111245
-0.04694775089686093
2.2735659863608015
0.7146172676632903
0.6966628969081414
0.7761969927523316
0.16838500582370497
0.6319945486878611
1.3198489686700152
-0.5939633813972617
-0.6830743863224932
-0.34790086108021256
1.114079825720594
-0.1433247617603357
-0.921259118263058
2.0665644964440992
-0.4055558382503994
0.550377768180387
0.5182841971225743
0.15998172165316094
-3.412676606716616
-0.2924558685671838
-2.8435657785904414
0.5293091978286506
0.5079724099914129
1.6250578336020136
1.7354837850808047
-0.047309697928091365
-0.26347918684690996
0.369381507197299
-0.43851560994497063
-1.9521038140110658
-0.47170669679656196
-1.4969076278161535
-0.7638893793514845
-0.5334044241592898
1.3641535423653386
-0.7492824581030061
0.06851850842512885
-1.292355341045256
0.016494703243608022
1.179194421311607
